0.1 
 300 
 1 
 600 
 2.0 
 1 
 3.0 
 3.0 
 2.0 
 [100, 100, 100] 
 [800, 800, 800] 
 {1: 'Barbera', 2: 'Chardonnay', 3: 'Nebbiolo'}
k
0.1 
 300 
 1 
 600 
 2.0 
 1 
 3.0 
 3.0 
 2.0 
 [100, 100, 100] 
 [800, 800, 800] 
 {1: 'Barbera', 2: 'Chardonnay', 3: 'Nebbiolo'}
[100, 100, 100]
[800, 800, 800]
----------------------------------------------------
-5974.6600000000035
[20]
1
[20, 181]
2
[20, 181, 189]
3
[20, 181, 189, 149]
4
-364.75999999999476
[20, 181, 189, 149, 141]
5
[20, 181, 189, 149, 141, 181]
6
[20, 181, 189, 149, 141, 181, 181]
7
[20, 181, 189, 149, 141, 181, 181, 53]
8
[20, 181, 189, 149, 141, 181, 181, 53, 141]
9
[20, 181, 189, 149, 141, 181, 181, 53, 141, 85]
10
-663.2799999999988
[181, 189, 149, 141, 181, 181, 53, 141, 85, 20]
11
[189, 149, 141, 181, 181, 53, 141, 85, 20, 20]
12
[149, 141, 181, 181, 53, 141, 85, 20, 20, 149]
13
-3.210000000006403
[141, 181, 181, 53, 141, 85, 20, 20, 149, 173]
14
[181, 181, 53, 141, 85, 20, 20, 149, 173, 173]
15
[181, 53, 141, 85, 20, 20, 149, 173, 173, 20]
16
[53, 141, 85, 20, 20, 149, 173, 173, 20, 13]
17
[141, 85, 20, 20, 149, 173, 173, 20, 13, 133]
18
[85, 20, 20, 149, 173, 173, 20, 13, 133, 77]
19
[20, 20, 149, 173, 173, 20, 13, 133, 77, 189]
20
[20, 149, 173, 173, 20, 13, 133, 77, 189, 173]
21
[149, 173, 173, 20, 13, 133, 77, 189, 173, 13]
22
[173, 173, 20, 13, 133, 77, 189, 173, 13, 189]
23
[173, 20, 13, 133, 77, 189, 173, 13, 189, 53]
24
-414.7299999999814
[20, 13, 133, 77, 189, 173, 13, 189, 53, 13]
25
[13, 133, 77, 189, 173, 13, 189, 53, 13, 173]
26
[133, 77, 189, 173, 13, 189, 53, 13, 173, 181]
27
-351.09999999999127
[77, 189, 173, 13, 189, 53, 13, 173, 181, 133]
28
[189, 173, 13, 189, 53, 13, 173, 181, 133, 173]
29
[173, 13, 189, 53, 13, 173, 181, 133, 173, 189]
30
-294.91999999999825
[13, 189, 53, 13, 173, 181, 133, 173, 189, 13]
31
[189, 53, 13, 173, 181, 133, 173, 189, 13, 141]
32
-242.0500000000029
[53, 13, 173, 181, 133, 173, 189, 13, 141, 21]
33
[13, 173, 181, 133, 173, 189, 13, 141, 21, 189]
34
-154.42999999997846
[173, 181, 133, 173, 189, 13, 141, 21, 189, 13]
35
[181, 133, 173, 189, 13, 141, 21, 189, 13, 77]
36
-86.55000000000291
[133, 173, 189, 13, 141, 21, 189, 13, 77, 21]
37
-661.480000000025
[173, 189, 13, 141, 21, 189, 13, 77, 21, 141]
38
[189, 13, 141, 21, 189, 13, 77, 21, 141, 181]
39
-223.16999999999825
[13, 141, 21, 189, 13, 77, 21, 141, 181, 53]
40
[141, 21, 189, 13, 77, 21, 141, 181, 53, 53]
41
[21, 189, 13, 77, 21, 141, 181, 53, 53, 189]
42
-60.45000000002619
[189, 13, 77, 21, 141, 181, 53, 53, 189, 172]
43
-20.680000000007567
[13, 77, 21, 141, 181, 53, 53, 189, 172, 53]
44
[77, 21, 141, 181, 53, 53, 189, 172, 53, 77]
45
-341.9400000000169
[21, 141, 181, 53, 53, 189, 172, 53, 77, 53]
46
[141, 181, 53, 53, 189, 172, 53, 77, 53, 53]
47
-622.8199999999924
[181, 53, 53, 189, 172, 53, 77, 53, 53, 141]
48
[53, 53, 189, 172, 53, 77, 53, 53, 141, 77]
49
[53, 189, 172, 53, 77, 53, 53, 141, 77, 189]
50
-1170.0099999999948
[189, 172, 53, 77, 53, 53, 141, 77, 189, 133]
51
[172, 53, 77, 53, 53, 141, 77, 189, 133, 20]
52
-557.0699999999633
[53, 77, 53, 53, 141, 77, 189, 133, 20, 77]
53
[77, 53, 53, 141, 77, 189, 133, 20, 77, 180]
54
-229.2100000000064
[53, 53, 141, 77, 189, 133, 20, 77, 180, 173]
55
[53, 141, 77, 189, 133, 20, 77, 180, 173, 77]
56
[141, 77, 189, 133, 20, 77, 180, 173, 77, 180]
57
[77, 189, 133, 20, 77, 180, 173, 77, 180, 180]
58
-1215.339999999982
[189, 133, 20, 77, 180, 173, 77, 180, 180, 133]
59
[133, 20, 77, 180, 173, 77, 180, 180, 133, 180]
60
-81.60999999998603
[20, 77, 180, 173, 77, 180, 180, 133, 180, 12]
61
[77, 180, 173, 77, 180, 180, 133, 180, 12, 52]
62
[180, 173, 77, 180, 180, 133, 180, 12, 52, 12]
63
-886.5500000000175
[173, 77, 180, 180, 133, 180, 12, 52, 12, 133]
64
[77, 180, 180, 133, 180, 12, 52, 12, 133, 140]
65
[180, 180, 133, 180, 12, 52, 12, 133, 140, 173]
66
-350.75999999999476
[180, 133, 180, 12, 52, 12, 133, 140, 173, 52]
67
[133, 180, 12, 52, 12, 133, 140, 173, 52, 76]
68
[180, 12, 52, 12, 133, 140, 173, 52, 76, 76]
69
-604.1499999999796
[12, 52, 12, 133, 140, 173, 52, 76, 76, 12]
70
-220.68000000000757
[52, 12, 133, 140, 173, 52, 76, 76, 12, 52]
71
[12, 133, 140, 173, 52, 76, 76, 12, 52, 20]
72
-113.79999999998836
[133, 140, 173, 52, 76, 76, 12, 52, 20, 173]
73
-92.10999999998603
[140, 173, 52, 76, 76, 12, 52, 20, 173, 181]
74
[173, 52, 76, 76, 12, 52, 20, 173, 181, 173]
75
[52, 76, 76, 12, 52, 20, 173, 181, 173, 133]
76
-149.18000000000757
[76, 76, 12, 52, 20, 173, 181, 173, 133, 133]
77
[76, 12, 52, 20, 173, 181, 173, 133, 133, 173]
78
-373.16999999999825
[12, 52, 20, 173, 181, 173, 133, 133, 173, 52]
79
-101.06999999999243
[52, 20, 173, 181, 173, 133, 133, 173, 52, 12]
80
-235.2900000000227
[20, 173, 181, 173, 133, 133, 173, 52, 12, 140]
81
[173, 181, 173, 133, 133, 173, 52, 12, 140, 189]
82
-536.5900000000256
[181, 173, 133, 133, 173, 52, 12, 140, 189, 140]
83
-353.7899999999645
[173, 133, 133, 173, 52, 12, 140, 189, 140, 20]
84
-493.3500000000058
[133, 133, 173, 52, 12, 140, 189, 140, 20, 77]
85
-24.98000000002503
[133, 173, 52, 12, 140, 189, 140, 20, 77, 77]
86
[173, 52, 12, 140, 189, 140, 20, 77, 77, 181]
87
-658.4199999999837
[52, 12, 140, 189, 140, 20, 77, 77, 181, 12]
88
[12, 140, 189, 140, 20, 77, 77, 181, 12, 52]
89
[140, 189, 140, 20, 77, 77, 181, 12, 52, 140]
90
-63.36000000000058
[189, 140, 20, 77, 77, 181, 12, 52, 140, 173]
91
-548.9099999999744
[140, 20, 77, 77, 181, 12, 52, 140, 173, 12]
92
[20, 77, 77, 181, 12, 52, 140, 173, 12, 188]
93
[77, 77, 181, 12, 52, 140, 173, 12, 188, 20]
94
[77, 181, 12, 52, 140, 173, 12, 188, 20, 133]
95
-2592.6800000000076
[181, 12, 52, 140, 173, 12, 188, 20, 133, 93]
96
-477.2700000000186
[12, 52, 140, 173, 12, 188, 20, 133, 93, 52]
97
[52, 140, 173, 12, 188, 20, 133, 93, 52, 69]
98
[140, 173, 12, 188, 20, 133, 93, 52, 69, 69]
99
-278.2199999999866
[173, 12, 188, 20, 133, 93, 52, 69, 69, 93]
100
-438.54000000000815
[12, 188, 20, 133, 93, 52, 69, 69, 93, 188]
101
[188, 20, 133, 93, 52, 69, 69, 93, 188, 76]
102
[20, 133, 93, 52, 69, 69, 93, 188, 76, 93]
103
[133, 93, 52, 69, 69, 93, 188, 76, 93, 69]
104
[93, 52, 69, 69, 93, 188, 76, 93, 69, 133]
105
[52, 69, 69, 93, 188, 76, 93, 69, 133, 76]
106
[69, 69, 93, 188, 76, 93, 69, 133, 76, 13]
107
-123.94000000000233
[69, 93, 188, 76, 93, 69, 133, 76, 13, 181]
108
-303.629999999961
[93, 188, 76, 93, 69, 133, 76, 13, 181, 76]
109
[188, 76, 93, 69, 133, 76, 13, 181, 76, 52]
110
-157.38999999999942
[76, 93, 69, 133, 76, 13, 181, 76, 52, 76]
111
[93, 69, 133, 76, 13, 181, 76, 52, 76, 93]
112
-903.5099999999802
[69, 133, 76, 13, 181, 76, 52, 76, 93, 188]
113
-98.33000000003085
[133, 76, 13, 181, 76, 52, 76, 93, 188, 69]
114
-572.4199999999837
[76, 13, 181, 76, 52, 76, 93, 188, 69, 52]
115
[13, 181, 76, 52, 76, 93, 188, 69, 52, 172]
116
-823.9400000000023
[181, 76, 52, 76, 93, 188, 69, 52, 172, 132]
117
[76, 52, 76, 93, 188, 69, 52, 172, 132, 76]
118
-1174.4799999999814
[52, 76, 93, 188, 69, 52, 172, 132, 76, 13]
119
[76, 93, 188, 69, 52, 172, 132, 76, 13, 132]
120
-741.9400000000169
[93, 188, 69, 52, 172, 132, 76, 13, 132, 132]
121
[188, 69, 52, 172, 132, 76, 13, 132, 132, 76]
122
-111.55000000000291
[69, 52, 172, 132, 76, 13, 132, 132, 76, 69]
123
-55.15000000000873
[52, 172, 132, 76, 13, 132, 132, 76, 69, 13]
124
-205.36999999999534
[172, 132, 76, 13, 132, 132, 76, 69, 13, 93]
125
[132, 76, 13, 132, 132, 76, 69, 13, 93, 172]
126
[76, 13, 132, 132, 76, 69, 13, 93, 172, 189]
127
[13, 132, 132, 76, 69, 13, 93, 172, 189, 189]
128
-65.66000000000349
[132, 132, 76, 69, 13, 93, 172, 189, 189, 13]
129
[132, 76, 69, 13, 93, 172, 189, 189, 13, 53]
130
[76, 69, 13, 93, 172, 189, 189, 13, 53, 13]
131
-681.8700000000244
[69, 13, 93, 172, 189, 189, 13, 53, 13, 180]
132
[13, 93, 172, 189, 189, 13, 53, 13, 180, 53]
133
-151.69999999998254
[93, 172, 189, 189, 13, 53, 13, 180, 53, 180]
134
-146.19999999998254
[172, 189, 189, 13, 53, 13, 180, 53, 180, 68]
135
[189, 189, 13, 53, 13, 180, 53, 180, 68, 92]
136
-1016.2900000000081
[189, 13, 53, 13, 180, 53, 180, 68, 92, 172]
137
[13, 53, 13, 180, 53, 180, 68, 92, 172, 76]
138
-1158.409999999989
[53, 13, 180, 53, 180, 68, 92, 172, 76, 172]
139
[13, 180, 53, 180, 68, 92, 172, 76, 172, 92]
140
-61.429999999993015
[180, 53, 180, 68, 92, 172, 76, 172, 92, 92]
141
-31.910000000003492
[53, 180, 68, 92, 172, 76, 172, 92, 92, 12]
142
-30.400000000023283
[180, 68, 92, 172, 76, 172, 92, 92, 12, 92]
143
[68, 92, 172, 76, 172, 92, 92, 12, 92, 92]
144
-478.28999999997905
[92, 172, 76, 172, 92, 92, 12, 92, 92, 53]
145
[172, 76, 172, 92, 92, 12, 92, 92, 53, 12]
146
-641.5099999999802
[76, 172, 92, 92, 12, 92, 92, 53, 12, 53]
147
[172, 92, 92, 12, 92, 92, 53, 12, 53, 132]
148
-807.4599999999919
[92, 92, 12, 92, 92, 53, 12, 53, 132, 68]
149
[92, 12, 92, 92, 53, 12, 53, 132, 68, 77]
150
-587.8699999999953
[12, 92, 92, 53, 12, 53, 132, 68, 77, 181]
151
[92, 92, 53, 12, 53, 132, 68, 77, 181, 188]
152
-1290.2399999999907
[92, 53, 12, 53, 132, 68, 77, 181, 188, 68]
153
-275.0599999999977
[53, 12, 53, 132, 68, 77, 181, 188, 68, 132]
154
[12, 53, 132, 68, 77, 181, 188, 68, 132, 68]
155
-72.85000000000582
[53, 132, 68, 77, 181, 188, 68, 132, 68, 181]
156
[132, 68, 77, 181, 188, 68, 132, 68, 181, 93]
157
-411.1600000000035
[68, 77, 181, 188, 68, 132, 68, 181, 93, 53]
158
[77, 181, 188, 68, 132, 68, 181, 93, 53, 12]
159
-458.6300000000192
[181, 188, 68, 132, 68, 181, 93, 53, 12, 181]
160
[188, 68, 132, 68, 181, 93, 53, 12, 181, 188]
161
[68, 132, 68, 181, 93, 53, 12, 181, 188, 93]
162
[132, 68, 181, 93, 53, 12, 181, 188, 93, 173]
163
[68, 181, 93, 53, 12, 181, 188, 93, 173, 132]
164
[181, 93, 53, 12, 181, 188, 93, 173, 132, 53]
165
-82.02000000000407
[93, 53, 12, 181, 188, 93, 173, 132, 53, 93]
166
-30.40999999998894
[53, 12, 181, 188, 93, 173, 132, 53, 93, 69]
167
[12, 181, 188, 93, 173, 132, 53, 93, 69, 76]
168
-317.91000000001804
[181, 188, 93, 173, 132, 53, 93, 69, 76, 69]
169
[188, 93, 173, 132, 53, 93, 69, 76, 69, 12]
170
-231.9200000000128
[93, 173, 132, 53, 93, 69, 76, 69, 12, 69]
171
-283.96999999997206
[173, 132, 53, 93, 69, 76, 69, 12, 69, 189]
172
[132, 53, 93, 69, 76, 69, 12, 69, 189, 132]
173
[53, 93, 69, 76, 69, 12, 69, 189, 132, 53]
174
-1171.0499999999884
[93, 69, 76, 69, 12, 69, 189, 132, 53, 132]
175
-264.91999999999825
[69, 76, 69, 12, 69, 189, 132, 53, 132, 172]
176
[76, 69, 12, 69, 189, 132, 53, 132, 172, 93]
177
-719.2600000000093
[69, 12, 69, 189, 132, 53, 132, 172, 93, 93]
178
[12, 69, 189, 132, 53, 132, 172, 93, 93, 76]
179
-821.8999999999796
[69, 189, 132, 53, 132, 172, 93, 93, 76, 60]
180
-236.27000000001863
[189, 132, 53, 132, 172, 93, 93, 76, 60, 132]
181
-93.6299999999901
[132, 53, 132, 172, 93, 93, 76, 60, 132, 12]
182
-456.33000000000175
[53, 132, 172, 93, 93, 76, 60, 132, 12, 60]
183
[132, 172, 93, 93, 76, 60, 132, 12, 60, 12]
184
-407.8899999999994
[172, 93, 93, 76, 60, 132, 12, 60, 12, 68]
185
[93, 93, 76, 60, 132, 12, 60, 12, 68, 93]
186
-252.78999999997905
[93, 76, 60, 132, 12, 60, 12, 68, 93, 173]
187
[76, 60, 132, 12, 60, 12, 68, 93, 173, 188]
188
-463.6600000000035
[60, 132, 12, 60, 12, 68, 93, 173, 188, 85]
189
[132, 12, 60, 12, 68, 93, 173, 188, 85, 85]
190
[12, 60, 12, 68, 93, 173, 188, 85, 85, 173]
191
[60, 12, 68, 93, 173, 188, 85, 85, 173, 76]
192
[12, 68, 93, 173, 188, 85, 85, 173, 76, 52]
193
-66.74000000000524
[68, 93, 173, 188, 85, 85, 173, 76, 52, 133]
194
[93, 173, 188, 85, 85, 173, 76, 52, 133, 13]
195
[173, 188, 85, 85, 173, 76, 52, 133, 13, 13]
196
-312.0600000000122
[188, 85, 85, 173, 76, 52, 133, 13, 13, 68]
197
[85, 85, 173, 76, 52, 133, 13, 13, 68, 133]
198
-137.60000000000582
[85, 173, 76, 52, 133, 13, 13, 68, 133, 173]
199
[173, 76, 52, 133, 13, 13, 68, 133, 173, 13]
200
[76, 52, 133, 13, 13, 68, 133, 173, 13, 52]
201
-178.72000000000116
[52, 133, 13, 13, 68, 133, 173, 13, 52, 173]
202
[133, 13, 13, 68, 133, 173, 13, 52, 173, 133]
203
[13, 13, 68, 133, 173, 13, 52, 173, 133, 92]
204
[13, 68, 133, 173, 13, 52, 173, 133, 92, 77]
205
[68, 133, 173, 13, 52, 173, 133, 92, 77, 180]
206
[133, 173, 13, 52, 173, 133, 92, 77, 180, 133]
207
-640.4899999999907
[173, 13, 52, 173, 133, 92, 77, 180, 133, 13]
208
[13, 52, 173, 133, 92, 77, 180, 133, 13, 69]
209
[52, 173, 133, 92, 77, 180, 133, 13, 69, 69]
210
[173, 133, 92, 77, 180, 133, 13, 69, 69, 180]
211
-682.8199999999924
[133, 92, 77, 180, 133, 13, 69, 69, 180, 52]
212
[92, 77, 180, 133, 13, 69, 69, 180, 52, 180]
213
[77, 180, 133, 13, 69, 69, 180, 52, 180, 133]
214
[180, 133, 13, 69, 69, 180, 52, 180, 133, 77]
215
[133, 13, 69, 69, 180, 52, 180, 133, 77, 172]
216
-359.2400000000198
[13, 69, 69, 180, 52, 180, 133, 77, 172, 93]
217
[69, 69, 180, 52, 180, 133, 77, 172, 93, 13]
218
[69, 180, 52, 180, 133, 77, 172, 93, 13, 77]
219
-1174.0099999999802
[180, 52, 180, 133, 77, 172, 93, 13, 77, 172]
220
[52, 180, 133, 77, 172, 93, 13, 77, 172, 52]
221
[180, 133, 77, 172, 93, 13, 77, 172, 52, 77]
222
-180.5700000000361
[133, 77, 172, 93, 13, 77, 172, 52, 77, 133]
223
-19.959999999962747
[77, 172, 93, 13, 77, 172, 52, 77, 133, 172]
224
-427.8500000000349
[172, 93, 13, 77, 172, 52, 77, 133, 172, 180]
225
-367.2599999999802
[93, 13, 77, 172, 52, 77, 133, 172, 180, 172]
226
[13, 77, 172, 52, 77, 133, 172, 180, 172, 13]
227
[77, 172, 52, 77, 133, 172, 180, 172, 13, 93]
228
-803.8200000000215
[172, 52, 77, 133, 172, 180, 172, 13, 93, 180]
229
-99.51999999998952
[52, 77, 133, 172, 180, 172, 13, 93, 180, 68]
230
[77, 133, 172, 180, 172, 13, 93, 180, 68, 133]
231
-550.0299999999988
[133, 172, 180, 172, 13, 93, 180, 68, 133, 189]
232
[172, 180, 172, 13, 93, 180, 68, 133, 189, 52]
233
-569.7899999999936
[180, 172, 13, 93, 180, 68, 133, 189, 52, 172]
234
[172, 13, 93, 180, 68, 133, 189, 52, 172, 76]
235
-6.989999999990687
[13, 93, 180, 68, 133, 189, 52, 172, 76, 13]
236
-571.75
[93, 180, 68, 133, 189, 52, 172, 76, 13, 172]
237
[180, 68, 133, 189, 52, 172, 76, 13, 172, 68]
238
-343.54000000000815
[68, 133, 189, 52, 172, 76, 13, 172, 68, 68]
239
-106.5800000000163
[133, 189, 52, 172, 76, 13, 172, 68, 68, 76]
240
[189, 52, 172, 76, 13, 172, 68, 68, 76, 180]
241
-688.1700000000274
[52, 172, 76, 13, 172, 68, 68, 76, 180, 52]
242
[172, 76, 13, 172, 68, 68, 76, 180, 52, 92]
243
[76, 13, 172, 68, 68, 76, 180, 52, 92, 52]
244
-264.6699999999837
[13, 172, 68, 68, 76, 180, 52, 92, 52, 92]
245
-26.980000000010477
[172, 68, 68, 76, 180, 52, 92, 52, 92, 52]
246
-666.4500000000116
[68, 68, 76, 180, 52, 92, 52, 92, 52, 92]
247
[68, 76, 180, 52, 92, 52, 92, 52, 92, 13]
248
-433.74000000000524
[76, 180, 52, 92, 52, 92, 52, 92, 13, 92]
249
-173.19000000000233
[180, 52, 92, 52, 92, 52, 92, 13, 92, 92]
250
[52, 92, 52, 92, 52, 92, 13, 92, 92, 69]
251
-43.34000000001106
[92, 52, 92, 52, 92, 13, 92, 92, 69, 173]
252
[52, 92, 52, 92, 13, 92, 92, 69, 173, 69]
253
[92, 52, 92, 13, 92, 92, 69, 173, 69, 173]
254
[52, 92, 13, 92, 92, 69, 173, 69, 173, 132]
255
[92, 13, 92, 92, 69, 173, 69, 173, 132, 13]
256
-848.3800000000192
[13, 92, 92, 69, 173, 69, 173, 132, 13, 181]
257
[92, 92, 69, 173, 69, 173, 132, 13, 181, 53]
258
-224.80999999999767
[92, 69, 173, 69, 173, 132, 13, 181, 53, 76]
259
-78.45000000001164
[69, 173, 69, 173, 132, 13, 181, 53, 76, 173]
260
[173, 69, 173, 132, 13, 181, 53, 76, 173, 53]
261
-96.18999999998778
[69, 173, 132, 13, 181, 53, 76, 173, 53, 188]
262
[173, 132, 13, 181, 53, 76, 173, 53, 188, 93]
263
[132, 13, 181, 53, 76, 173, 53, 188, 93, 53]
264
-561.0599999999977
[13, 181, 53, 76, 173, 53, 188, 93, 53, 93]
265
[181, 53, 76, 173, 53, 188, 93, 53, 93, 93]
266
[53, 76, 173, 53, 188, 93, 53, 93, 93, 132]
267
-760.2700000000041
[76, 173, 53, 188, 93, 53, 93, 93, 132, 188]
268
-34.81999999999243
[173, 53, 188, 93, 53, 93, 93, 132, 188, 173]
269
[53, 188, 93, 53, 93, 93, 132, 188, 173, 132]
270
-137.4499999999971
[188, 93, 53, 93, 93, 132, 188, 173, 132, 77]
271
[93, 53, 93, 93, 132, 188, 173, 132, 77, 69]
272
[53, 93, 93, 132, 188, 173, 132, 77, 69, 77]
273
-471.45000000001164
[93, 93, 132, 188, 173, 132, 77, 69, 77, 77]
274
-22.85000000000582
[93, 132, 188, 173, 132, 77, 69, 77, 77, 132]
275
-354.15999999998894
[132, 188, 173, 132, 77, 69, 77, 77, 132, 12]
276
[188, 173, 132, 77, 69, 77, 77, 132, 12, 181]
277
-722.6500000000233
[173, 132, 77, 69, 77, 77, 132, 12, 181, 93]
278
[132, 77, 69, 77, 77, 132, 12, 181, 93, 52]
279
-614.4900000000198
[77, 69, 77, 77, 132, 12, 181, 93, 52, 12]
280
[69, 77, 77, 132, 12, 181, 93, 52, 12, 132]
281
[77, 77, 132, 12, 181, 93, 52, 12, 132, 12]
282
[77, 132, 12, 181, 93, 52, 12, 132, 12, 12]
283
-413.1499999999796
[132, 12, 181, 93, 52, 12, 132, 12, 12, 189]
284
[12, 181, 93, 52, 12, 132, 12, 12, 189, 93]
285
[181, 93, 52, 12, 132, 12, 12, 189, 93, 172]
286
-471.3500000000058
[93, 52, 12, 132, 12, 12, 189, 93, 172, 68]
287
[52, 12, 132, 12, 12, 189, 93, 172, 68, 12]
288
-595.4600000000064
[12, 132, 12, 12, 189, 93, 172, 68, 12, 181]
289
[132, 12, 12, 189, 93, 172, 68, 12, 181, 93]
290
[12, 12, 189, 93, 172, 68, 12, 181, 93, 52]
291
[12, 189, 93, 172, 68, 12, 181, 93, 52, 76]
292
-160.0799999999872
[189, 93, 172, 68, 12, 181, 93, 52, 76, 132]
293
-1527.9000000000233
[93, 172, 68, 12, 181, 93, 52, 76, 132, 60]
294
[172, 68, 12, 181, 93, 52, 76, 132, 60, 84]
295
-1076.2999999999738
[68, 12, 181, 93, 52, 76, 132, 60, 84, 68]
296
[12, 181, 93, 52, 76, 132, 60, 84, 68, 181]
297
-190.90000000000873
[181, 93, 52, 76, 132, 60, 84, 68, 181, 181]
298
[93, 52, 76, 132, 60, 84, 68, 181, 181, 188]
299
-380.45000000001164
[52, 76, 132, 60, 84, 68, 181, 181, 188, 84]
300
[-5974.6600000000035, -1317.1600000000035, -1222.3800000000047, 160.2399999999907, -204.52000000000407, 1126.1300000000047, 1655.4800000000105, 1974.7200000000157, 2523.3499999999913, 3080.4199999999983, 2417.1399999999994, 2871.0399999999936, 3045.550000000003, 3042.3399999999965, 3652.339999999982, 4632.250000000029, 4731.640000000014, 4774.090000000011, 5232.840000000026, 5860.260000000024, 5987.590000000026, 6621.869999999995, 7164.889999999999, 7409.529999999999, 6994.8000000000175, 7296.420000000013, 8194.410000000018, 7843.310000000027, 7865.889999999999, 9006.61, 8711.690000000002, 9197.0, 8954.949999999997, 9697.0, 9542.570000000022, 10075.040000000023, 9988.49000000002, 9327.009999999995, 9822.880000000005, 9599.710000000006, 10034.300000000003, 10213.170000000042, 10152.720000000016, 10132.040000000008, 10395.320000000036, 10053.38000000002, 10310.430000000008, 9687.610000000015, 9922.789999999994, 10331.150000000009, 9161.140000000014, 9797.48999999999, 9240.420000000027, 10093.38000000002, 9864.170000000013, 10136.330000000016, 10209.690000000017, 10520.170000000013, 9304.83000000003, 9618.26000000001, 9536.650000000023, 9973.51000000001, 10393.580000000016, 9507.029999999999, 10083.75, 10433.01999999999, 10082.259999999995, 10329.38000000002, 10646.709999999992, 10042.560000000012, 9821.880000000005, 10616.090000000011, 10502.290000000023, 10410.180000000037, 10582.460000000021, 10976.190000000017, 10827.01000000001, 11198.290000000023, 10825.120000000024, 10724.050000000032, 10488.76000000001, 10839.62000000001, 10303.029999999984, 9949.24000000002, 9455.890000000014, 9430.909999999989, 9698.580000000002, 9040.160000000018, 9073.699999999997, 9081.720000000016, 9018.360000000015, 8469.45000000004, 8757.060000000027, 8786.610000000015, 8869.900000000023, 6277.220000000016, 5799.949999999997, 8436.85000000002, 9905.160000000003, 9626.940000000017, 9188.400000000009, 9202.73000000001, 9408.209999999992, 9569.289999999994, 9623.570000000007, 9671.420000000013, 10113.070000000007, 9989.130000000005, 9685.500000000044, 9932.87000000001, 9775.48000000001, 10519.01000000001, 9615.50000000003, 9517.169999999998, 8944.750000000015, 9171.060000000012, 8347.12000000001, 9353.759999999995, 8179.280000000013, 9009.780000000028, 8267.840000000011, 8776.300000000017, 8664.750000000015, 8609.600000000006, 8404.23000000001, 8459.51000000001, 8594.540000000008, 8972.279999999999, 8906.619999999995, 9406.300000000017, 10195.110000000044, 9513.24000000002, 9920.520000000004, 9768.820000000022, 9622.620000000039, 10730.980000000025, 9714.690000000017, 10239.26000000001, 9080.85000000002, 9208.87000000001, 9147.440000000017, 9115.530000000013, 9085.12999999999, 9115.61, 8637.320000000022, 9083.449999999997, 8441.940000000017, 8891.619999999995, 8084.1600000000035, 8704.170000000013, 8116.3000000000175, 9309.37000000001, 8019.130000000019, 7744.0700000000215, 8207.390000000014, 8134.540000000008, 8872.100000000006, 8460.940000000002, 8690.450000000012, 8231.819999999992, 8238.040000000023, 8289.74000000002, 8477.710000000021, 8560.830000000016, 8849.75, 8767.729999999996, 8737.320000000007, 9424.060000000012, 9106.149999999994, 9829.869999999995, 9597.949999999983, 9313.98000000001, 9688.630000000005, 10517.979999999996, 9346.930000000008, 9082.01000000001, 9445.160000000003, 8725.899999999994, 9505.73999999999, 8683.840000000011, 8447.569999999992, 8353.940000000002, 7897.610000000001, 7997.759999999995, 7589.869999999995, 8156.149999999994, 7903.360000000015, 7953.500000000015, 7489.840000000011, 7494.000000000015, 7573.420000000013, 7720.8200000000215, 8313.220000000001, 8246.479999999996, 8592.279999999999, 9107.970000000016, 8795.910000000003, 9081.309999999998, 8943.709999999992, 9471.14, 9529.770000000004, 9351.050000000003, 9792.180000000022, 9861.87999999999, 9909.419999999998, 10259.24000000002, 10519.580000000002, 9879.090000000011, 10717.13000000002, 10963.550000000003, 11172.929999999993, 10490.11, 10589.89, 11166.600000000006, 11313.800000000017, 11861.870000000024, 11502.630000000005, 11525.170000000027, 11713.040000000008, 10539.030000000028, 11040.760000000024, 11114.00000000003, 10933.429999999993, 10913.47000000003, 10485.619999999995, 10118.360000000015, 10538.320000000007, 10753.540000000008, 9949.719999999987, 9850.199999999997, 10013.190000000002, 9463.160000000003, 10237.979999999996, 9668.190000000002, 9720.580000000002, 9713.590000000011, 9141.840000000011, 9480.680000000037, 9137.140000000029, 9030.560000000012, 9777.13000000002, 9088.959999999992, 9129.60000000002, 9243.960000000006, 8979.290000000023, 8952.310000000012, 8285.86, 9181.660000000018, 8747.920000000013, 8574.73000000001, 8964.320000000007, 8920.979999999996, 9118.319999999992, 9452.210000000006, 9692.86, 9929.60000000002, 9081.220000000001, 9135.020000000019, 8910.210000000021, 8831.76000000001, 9107.61, 9011.420000000013, 9207.540000000008, 9982.10000000002, 9421.040000000023, 9560.930000000008, 11023.600000000006, 10263.330000000002, 10228.51000000001, 10518.89, 10381.440000000002, 10434.859999999986, 10982.370000000024, 10510.920000000013, 10488.070000000007, 10133.910000000018, 10665.050000000017, 9942.399999999994, 10307.990000000034, 9693.500000000015, 9872.320000000022, 10006.560000000027, 10404.429999999993, 9991.280000000013, 10132.310000000012, 10643.530000000028, 10172.180000000022, 10581.150000000009, 9985.690000000002, 10033.819999999992, 10118.01000000001, 10220.609999999986, 10060.529999999999, 8532.629999999976, 9026.23999999999, 7949.940000000017, 8396.710000000021, 8205.810000000012, 8689.979999999996, 8309.529999999984]
h
h
h
h
[100, 100, 100]
k
0.1 
 300 
 1 
 600 
 2.0 
 1 
 3.0 
 3.0 
 2.0 
 [100, 100, 100] 
 [800, 800, 800] 
 {1: 'Barbera', 2: 'Chardonnay', 3: 'Nebbiolo'}
[100, 100, 100]
[800, 800, 800]
----------------------------------------------------
-38088.12999999999
[188]
1
[188, 204]
2
[188, 204, 196]
3
[188, 204, 196, 196]
4
[188, 204, 196, 196, 92]
5
[188, 204, 196, 196, 92, 92]
6
[188, 204, 196, 196, 92, 92, 68]
7
[188, 204, 196, 196, 92, 92, 68, 76]
8
[188, 204, 196, 196, 92, 92, 68, 76, 76]
9
[188, 204, 196, 196, 92, 92, 68, 76, 76, 84]
10
[204, 196, 196, 92, 92, 68, 76, 76, 84, 84]
11
[196, 196, 92, 92, 68, 76, 76, 84, 84, 84]
12
[196, 92, 92, 68, 76, 76, 84, 84, 84, 84]
13
[92, 92, 68, 76, 76, 84, 84, 84, 84, 36]
14
[92, 68, 76, 76, 84, 84, 84, 84, 36, 92]
15
-503.23000000002503
[68, 76, 76, 84, 84, 84, 84, 36, 92, 84]
16
[76, 76, 84, 84, 84, 84, 36, 92, 84, 92]
17
[76, 84, 84, 84, 84, 36, 92, 84, 92, 28]
18
[84, 84, 84, 84, 36, 92, 84, 92, 28, 28]
19
[84, 84, 84, 36, 92, 84, 92, 28, 28, 68]
20
[84, 84, 36, 92, 84, 92, 28, 28, 68, 188]
21
[84, 36, 92, 84, 92, 28, 28, 68, 188, 36]
22
[36, 92, 84, 92, 28, 28, 68, 188, 36, 76]
23
-53.79000000000815
[92, 84, 92, 28, 28, 68, 188, 36, 76, 204]
24
-466.33999999998196
[84, 92, 28, 28, 68, 188, 36, 76, 204, 204]
25
[92, 28, 28, 68, 188, 36, 76, 204, 204, 204]
26
-578.3300000000163
[28, 28, 68, 188, 36, 76, 204, 204, 204, 188]
27
[28, 68, 188, 36, 76, 204, 204, 204, 188, 188]
28
-16.679999999993015
[68, 188, 36, 76, 204, 204, 204, 188, 188, 197]
29
[188, 36, 76, 204, 204, 204, 188, 188, 197, 68]
30
[36, 76, 204, 204, 204, 188, 188, 197, 68, 84]
31
[76, 204, 204, 204, 188, 188, 197, 68, 84, 28]
32
-785.1600000000035
[204, 204, 204, 188, 188, 197, 68, 84, 28, 36]
33
[204, 204, 188, 188, 197, 68, 84, 28, 36, 28]
34
[204, 188, 188, 197, 68, 84, 28, 36, 28, 68]
35
[188, 188, 197, 68, 84, 28, 36, 28, 68, 188]
36
[188, 197, 68, 84, 28, 36, 28, 68, 188, 68]
37
-357.80999999996857
[197, 68, 84, 28, 36, 28, 68, 188, 68, 205]
38
[68, 84, 28, 36, 28, 68, 188, 68, 205, 68]
39
[84, 28, 36, 28, 68, 188, 68, 205, 68, 188]
40
[28, 36, 28, 68, 188, 68, 205, 68, 188, 196]
41
[36, 28, 68, 188, 68, 205, 68, 188, 196, 68]
42
[28, 68, 188, 68, 205, 68, 188, 196, 68, 92]
43
[68, 188, 68, 205, 68, 188, 196, 68, 92, 68]
44
-79.91999999999825
[188, 68, 205, 68, 188, 196, 68, 92, 68, 37]
45
[68, 205, 68, 188, 196, 68, 92, 68, 37, 188]
46
[205, 68, 188, 196, 68, 92, 68, 37, 188, 85]
47
[68, 188, 196, 68, 92, 68, 37, 188, 85, 92]
48
[188, 196, 68, 92, 68, 37, 188, 85, 92, 188]
49
-204.9899999999907
[196, 68, 92, 68, 37, 188, 85, 92, 188, 205]
50
-263.69999999998254
[68, 92, 68, 37, 188, 85, 92, 188, 205, 77]
51
[92, 68, 37, 188, 85, 92, 188, 205, 77, 92]
52
[68, 37, 188, 85, 92, 188, 205, 77, 92, 205]
53
[37, 188, 85, 92, 188, 205, 77, 92, 205, 92]
54
[188, 85, 92, 188, 205, 77, 92, 205, 92, 28]
55
[85, 92, 188, 205, 77, 92, 205, 92, 28, 92]
56
-156.08999999998196
[92, 188, 205, 77, 92, 205, 92, 28, 92, 197]
57
[188, 205, 77, 92, 205, 92, 28, 92, 197, 84]
58
[205, 77, 92, 205, 92, 28, 92, 197, 84, 205]
59
-290.66000000001804
[77, 92, 205, 92, 28, 92, 197, 84, 205, 28]
60
[92, 205, 92, 28, 92, 197, 84, 205, 28, 197]
61
-213.0
[205, 92, 28, 92, 197, 84, 205, 28, 197, 76]
62
-859.3900000000431
[92, 28, 92, 197, 84, 205, 28, 197, 76, 69]
63
[28, 92, 197, 84, 205, 28, 197, 76, 69, 92]
64
[92, 197, 84, 205, 28, 197, 76, 69, 92, 189]
65
-194.4899999999907
[197, 84, 205, 28, 197, 76, 69, 92, 189, 28]
66
[84, 205, 28, 197, 76, 69, 92, 189, 28, 28]
67
[205, 28, 197, 76, 69, 92, 189, 28, 28, 76]
68
-80.31999999999243
[28, 197, 76, 69, 92, 189, 28, 28, 76, 37]
69
-159.54000000003725
[197, 76, 69, 92, 189, 28, 28, 76, 37, 205]
70
[76, 69, 92, 189, 28, 28, 76, 37, 205, 197]
71
-189.31999999996333
[69, 92, 189, 28, 28, 76, 37, 205, 197, 84]
72
-123.99000000001979
[92, 189, 28, 28, 76, 37, 205, 197, 84, 84]
73
[189, 28, 28, 76, 37, 205, 197, 84, 84, 205]
74
-287.4699999999866
[28, 28, 76, 37, 205, 197, 84, 84, 205, 197]
75
-219.43999999998778
[28, 76, 37, 205, 197, 84, 84, 205, 197, 68]
76
[76, 37, 205, 197, 84, 84, 205, 197, 68, 92]
77
[37, 205, 197, 84, 84, 205, 197, 68, 92, 188]
78
[205, 197, 84, 84, 205, 197, 68, 92, 188, 84]
79
-922.9500000000262
[197, 84, 84, 205, 197, 68, 92, 188, 84, 29]
80
-156.0399999999936
[84, 84, 205, 197, 68, 92, 188, 84, 29, 29]
81
-385.9100000000035
[84, 205, 197, 68, 92, 188, 84, 29, 29, 77]
82
[205, 197, 68, 92, 188, 84, 29, 29, 77, 36]
83
-168.43000000000757
[197, 68, 92, 188, 84, 29, 29, 77, 36, 68]
84
-307.38000000000466
[68, 92, 188, 84, 29, 29, 77, 36, 68, 36]
85
[92, 188, 84, 29, 29, 77, 36, 68, 36, 77]
86
[188, 84, 29, 29, 77, 36, 68, 36, 77, 196]
87
-424.3800000000192
[84, 29, 29, 77, 36, 68, 36, 77, 196, 205]
88
-228.64999999996508
[29, 29, 77, 36, 68, 36, 77, 196, 205, 93]
89
-149.72000000005937
[29, 77, 36, 68, 36, 77, 196, 205, 93, 189]
90
[77, 36, 68, 36, 77, 196, 205, 93, 189, 196]
91
[36, 68, 36, 77, 196, 205, 93, 189, 196, 68]
92
-687.0500000000029
[68, 36, 77, 196, 205, 93, 189, 196, 68, 36]
93
-180.77000000000407
[36, 77, 196, 205, 93, 189, 196, 68, 36, 205]
94
[77, 196, 205, 93, 189, 196, 68, 36, 205, 85]
95
[196, 205, 93, 189, 196, 68, 36, 205, 85, 36]
96
-57.919999999998254
[205, 93, 189, 196, 68, 36, 205, 85, 36, 85]
97
-646.4300000000221
[93, 189, 196, 68, 36, 205, 85, 36, 85, 85]
98
-137.24999999998545
[189, 196, 68, 36, 205, 85, 36, 85, 85, 76]
99
[196, 68, 36, 205, 85, 36, 85, 85, 76, 29]
100
-142.3299999999872
[68, 36, 205, 85, 36, 85, 85, 76, 29, 36]
101
[36, 205, 85, 36, 85, 85, 76, 29, 36, 85]
102
[205, 85, 36, 85, 85, 76, 29, 36, 85, 69]
103
-314.4900000000198
[85, 36, 85, 85, 76, 29, 36, 85, 69, 76]
104
[36, 85, 85, 76, 29, 36, 85, 69, 76, 69]
105
[85, 85, 76, 29, 36, 85, 69, 76, 69, 197]
106
-279.9900000000198
[85, 76, 29, 36, 85, 69, 76, 69, 197, 36]
107
[76, 29, 36, 85, 69, 76, 69, 197, 36, 197]
108
[29, 36, 85, 69, 76, 69, 197, 36, 197, 205]
109
-617.0399999999936
[36, 85, 69, 76, 69, 197, 36, 197, 205, 93]
110
-206.52000000001863
[85, 69, 76, 69, 197, 36, 197, 205, 93, 188]
111
[69, 76, 69, 197, 36, 197, 205, 93, 188, 205]
112
[76, 69, 197, 36, 197, 205, 93, 188, 205, 84]
113
-97.86999999998079
[69, 197, 36, 197, 205, 93, 188, 205, 84, 28]
114
[197, 36, 197, 205, 93, 188, 205, 84, 28, 77]
115
[36, 197, 205, 93, 188, 205, 84, 28, 77, 28]
116
-379.0500000000029
[197, 205, 93, 188, 205, 84, 28, 77, 28, 36]
117
-618.4799999999959
[205, 93, 188, 205, 84, 28, 77, 28, 36, 36]
118
-53.5
[93, 188, 205, 84, 28, 77, 28, 36, 36, 77]
119
-632.8099999999977
[188, 205, 84, 28, 77, 28, 36, 36, 77, 93]
120
-95.51999999998952
[205, 84, 28, 77, 28, 36, 36, 77, 93, 93]
121
-319.47000000003027
[84, 28, 77, 28, 36, 36, 77, 93, 93, 28]
122
[28, 77, 28, 36, 36, 77, 93, 93, 28, 188]
123
-191.36000000001513
[77, 28, 36, 36, 77, 93, 93, 28, 188, 68]
124
-54.28000000001339
[28, 36, 36, 77, 93, 93, 28, 188, 68, 196]
125
[36, 36, 77, 93, 93, 28, 188, 68, 196, 84]
126
-1364.160000000018
[36, 77, 93, 93, 28, 188, 68, 196, 84, 204]
127
[77, 93, 93, 28, 188, 68, 196, 84, 204, 36]
128
-180.4699999999866
[93, 93, 28, 188, 68, 196, 84, 204, 36, 204]
129
-350.26000000002387
[93, 28, 188, 68, 196, 84, 204, 36, 204, 196]
130
-146.83999999998196
[28, 188, 68, 196, 84, 204, 36, 204, 196, 77]
131
[188, 68, 196, 84, 204, 36, 204, 196, 77, 68]
132
[68, 196, 84, 204, 36, 204, 196, 77, 68, 196]
133
-584.2500000000437
[196, 84, 204, 36, 204, 196, 77, 68, 196, 189]
134
-118.77999999996973
[84, 204, 36, 204, 196, 77, 68, 196, 189, 29]
135
-49.53000000001339
[204, 36, 204, 196, 77, 68, 196, 189, 29, 189]
136
[36, 204, 196, 77, 68, 196, 189, 29, 189, 92]
137
[204, 196, 77, 68, 196, 189, 29, 189, 92, 204]
138
-455.70999999999185
[196, 77, 68, 196, 189, 29, 189, 92, 204, 37]
139
[77, 68, 196, 189, 29, 189, 92, 204, 37, 204]
140
-167.27999999999884
[68, 196, 189, 29, 189, 92, 204, 37, 204, 77]
141
[196, 189, 29, 189, 92, 204, 37, 204, 77, 204]
142
-524.7299999999814
[189, 29, 189, 92, 204, 37, 204, 77, 204, 37]
143
[29, 189, 92, 204, 37, 204, 77, 204, 37, 37]
144
[189, 92, 204, 37, 204, 77, 204, 37, 37, 69]
145
-222.42999999997846
[92, 204, 37, 204, 77, 204, 37, 37, 69, 37]
146
[204, 37, 204, 77, 204, 37, 37, 69, 37, 92]
147
-58.68999999995867
[37, 204, 77, 204, 37, 37, 69, 37, 92, 85]
148
[204, 77, 204, 37, 37, 69, 37, 92, 85, 92]
149
-456.5599999999977
[77, 204, 37, 37, 69, 37, 92, 85, 92, 69]
150
[204, 37, 37, 69, 37, 92, 85, 92, 69, 188]
151
[37, 37, 69, 37, 92, 85, 92, 69, 188, 204]
152
-166.85000000002037
[37, 69, 37, 92, 85, 92, 69, 188, 204, 76]
153
-433.4899999999616
[69, 37, 92, 85, 92, 69, 188, 204, 76, 28]
154
[37, 92, 85, 92, 69, 188, 204, 76, 28, 92]
155
[92, 85, 92, 69, 188, 204, 76, 28, 92, 197]
156
-352.4599999999773
[85, 92, 69, 188, 204, 76, 28, 92, 197, 37]
157
[92, 69, 188, 204, 76, 28, 92, 197, 37, 204]
158
[69, 188, 204, 76, 28, 92, 197, 37, 204, 197]
159
[188, 204, 76, 28, 92, 197, 37, 204, 197, 84]
160
-611.1600000000471
[204, 76, 28, 92, 197, 37, 204, 197, 84, 37]
161
[76, 28, 92, 197, 37, 204, 197, 84, 37, 76]
162
-379.70999999999185
[28, 92, 197, 37, 204, 197, 84, 37, 76, 37]
163
-209.3299999999872
[92, 197, 37, 204, 197, 84, 37, 76, 37, 84]
164
[197, 37, 204, 197, 84, 37, 76, 37, 84, 189]
165
[37, 204, 197, 84, 37, 76, 37, 84, 189, 37]
166
-643.8999999999942
[204, 197, 84, 37, 76, 37, 84, 189, 37, 37]
167
[197, 84, 37, 76, 37, 84, 189, 37, 37, 93]
168
[84, 37, 76, 37, 84, 189, 37, 37, 93, 204]
169
-1406.7500000000146
[37, 76, 37, 84, 189, 37, 37, 93, 204, 29]
170
[76, 37, 84, 189, 37, 37, 93, 204, 29, 204]
171
[37, 84, 189, 37, 37, 93, 204, 29, 204, 68]
172
-202.96000000002095
[84, 189, 37, 37, 93, 204, 29, 204, 68, 93]
173
-954.3999999999651
[189, 37, 37, 93, 204, 29, 204, 68, 93, 189]
174
[37, 37, 93, 204, 29, 204, 68, 93, 189, 76]
175
-497.31999999999243
[37, 93, 204, 29, 204, 68, 93, 189, 76, 204]
176
-402.5600000000413
[93, 204, 29, 204, 68, 93, 189, 76, 204, 29]
177
[204, 29, 204, 68, 93, 189, 76, 204, 29, 36]
178
-568.1200000000099
[29, 204, 68, 93, 189, 76, 204, 29, 36, 68]
179
[204, 68, 93, 189, 76, 204, 29, 36, 68, 196]
180
[68, 93, 189, 76, 204, 29, 36, 68, 196, 85]
181
-521.2299999999959
[93, 189, 76, 204, 29, 36, 68, 196, 85, 76]
182
[189, 76, 204, 29, 36, 68, 196, 85, 76, 85]
183
[76, 204, 29, 36, 68, 196, 85, 76, 85, 92]
184
[204, 29, 36, 68, 196, 85, 76, 85, 92, 188]
185
-356.1400000000285
[29, 36, 68, 196, 85, 76, 85, 92, 188, 196]
186
-377.699999999968
[36, 68, 196, 85, 76, 85, 92, 188, 196, 196]
187
[68, 196, 85, 76, 85, 92, 188, 196, 196, 29]
188
-473.5099999999802
[196, 85, 76, 85, 92, 188, 196, 196, 29, 37]
189
[85, 76, 85, 92, 188, 196, 196, 29, 37, 69]
190
-312.49000000000524
[76, 85, 92, 188, 196, 196, 29, 37, 69, 69]
191
[85, 92, 188, 196, 196, 29, 37, 69, 69, 85]
192
[92, 188, 196, 196, 29, 37, 69, 69, 85, 188]
193
-396.81999999999243
[188, 196, 196, 29, 37, 69, 69, 85, 188, 29]
194
-54.65000000000873
[196, 196, 29, 37, 69, 69, 85, 188, 29, 85]
195
-499.25000000001455
[196, 29, 37, 69, 69, 85, 188, 29, 85, 85]
196
[29, 37, 69, 69, 85, 188, 29, 85, 85, 77]
197
-381.29000000000815
[37, 69, 69, 85, 188, 29, 85, 85, 77, 188]
198
[69, 69, 85, 188, 29, 85, 85, 77, 188, 29]
199
-668.480000000025
[69, 85, 188, 29, 85, 85, 77, 188, 29, 197]
200
[85, 188, 29, 85, 85, 77, 188, 29, 197, 197]
201
-774.0399999999936
[188, 29, 85, 85, 77, 188, 29, 197, 197, 77]
202
[29, 85, 85, 77, 188, 29, 197, 197, 77, 36]
203
-25.480000000010477
[85, 85, 77, 188, 29, 197, 197, 77, 36, 85]
204
-525.7999999999884
[85, 77, 188, 29, 197, 197, 77, 36, 85, 36]
205
[77, 188, 29, 197, 197, 77, 36, 85, 36, 85]
206
-379.8999999999796
[188, 29, 197, 197, 77, 36, 85, 36, 85, 69]
207
-537.8399999999965
[29, 197, 197, 77, 36, 85, 36, 85, 69, 29]
208
-721.7000000000116
[197, 197, 77, 36, 85, 36, 85, 69, 29, 205]
209
[197, 77, 36, 85, 36, 85, 69, 29, 205, 189]
210
[77, 36, 85, 36, 85, 69, 29, 205, 189, 77]
211
-168.81999999999243
[36, 85, 36, 85, 69, 29, 205, 189, 77, 93]
212
-882.429999999993
[85, 36, 85, 69, 29, 205, 189, 77, 93, 36]
213
[36, 85, 69, 29, 205, 189, 77, 93, 36, 196]
214
-142.2199999999575
[85, 69, 29, 205, 189, 77, 93, 36, 196, 29]
215
[69, 29, 205, 189, 77, 93, 36, 196, 29, 196]
216
[29, 205, 189, 77, 93, 36, 196, 29, 196, 84]
217
[205, 189, 77, 93, 36, 196, 29, 196, 84, 196]
218
-260.1099999999569
[189, 77, 93, 36, 196, 29, 196, 84, 196, 196]
219
-11.760000000023865
[77, 93, 36, 196, 29, 196, 84, 196, 196, 189]
220
[93, 36, 196, 29, 196, 84, 196, 196, 189, 205]
221
[36, 196, 29, 196, 84, 196, 196, 189, 205, 76]
222
[196, 29, 196, 84, 196, 196, 189, 205, 76, 92]
223
-169.44999999998254
[29, 196, 84, 196, 196, 189, 205, 76, 92, 189]
224
-246.82000000000698
[196, 84, 196, 196, 189, 205, 76, 92, 189, 189]
225
[84, 196, 196, 189, 205, 76, 92, 189, 189, 28]
226
[196, 196, 189, 205, 76, 92, 189, 189, 28, 68]
227
[196, 189, 205, 76, 92, 189, 189, 28, 68, 68]
228
-75.14999999999418
[189, 205, 76, 92, 189, 189, 28, 68, 68, 68]
229
-482.0800000000163
[205, 76, 92, 189, 189, 28, 68, 68, 68, 196]
230
[76, 92, 189, 189, 28, 68, 68, 68, 196, 84]
231
-369.41999999999825
[92, 189, 189, 28, 68, 68, 68, 196, 84, 204]
232
-991.019999999975
[189, 189, 28, 68, 68, 68, 196, 84, 204, 77]
233
[189, 28, 68, 68, 68, 196, 84, 204, 77, 37]
234
[28, 68, 68, 68, 196, 84, 204, 77, 37, 28]
235
[68, 68, 68, 196, 84, 204, 77, 37, 28, 84]
236
-16.829999999987194
[68, 68, 196, 84, 204, 77, 37, 28, 84, 68]
237
-455.32000000002154
[68, 196, 84, 204, 77, 37, 28, 84, 68, 77]
238
[196, 84, 204, 77, 37, 28, 84, 68, 77, 188]
239
[84, 204, 77, 37, 28, 84, 68, 77, 188, 37]
240
-224.98000000002503
[204, 77, 37, 28, 84, 68, 77, 188, 37, 84]
241
[77, 37, 28, 84, 68, 77, 188, 37, 84, 196]
242
-426.2799999999843
[37, 28, 84, 68, 77, 188, 37, 84, 196, 28]
243
[28, 84, 68, 77, 188, 37, 84, 196, 28, 205]
244
[84, 68, 77, 188, 37, 84, 196, 28, 205, 205]
245
[68, 77, 188, 37, 84, 196, 28, 205, 205, 188]
246
-456.4699999999866
[77, 188, 37, 84, 196, 28, 205, 205, 188, 68]
247
[188, 37, 84, 196, 28, 205, 205, 188, 68, 84]
248
-700.75
[37, 84, 196, 28, 205, 205, 188, 68, 84, 93]
249
-385.99999999995634
[84, 196, 28, 205, 205, 188, 68, 84, 93, 76]
250
[196, 28, 205, 205, 188, 68, 84, 93, 76, 205]
251
[28, 205, 205, 188, 68, 84, 93, 76, 205, 196]
252
-206.20000000001164
[205, 205, 188, 68, 84, 93, 76, 205, 196, 76]
253
[205, 188, 68, 84, 93, 76, 205, 196, 76, 76]
254
-498.6499999999796
[188, 68, 84, 93, 76, 205, 196, 76, 76, 188]
255
[68, 84, 93, 76, 205, 196, 76, 76, 188, 29]
256
-14.720000000030268
[84, 93, 76, 205, 196, 76, 76, 188, 29, 84]
257
[93, 76, 205, 196, 76, 76, 188, 29, 84, 205]
258
-322.33000000003085
[76, 205, 196, 76, 76, 188, 29, 84, 205, 37]
259
-473.0799999999872
[205, 196, 76, 76, 188, 29, 84, 205, 37, 76]
260
[196, 76, 76, 188, 29, 84, 205, 37, 76, 92]
261
[76, 76, 188, 29, 84, 205, 37, 76, 92, 29]
262
-537.8099999999977
[76, 188, 29, 84, 205, 37, 76, 92, 29, 68]
263
[188, 29, 84, 205, 37, 76, 92, 29, 68, 197]
264
[29, 84, 205, 37, 76, 92, 29, 68, 197, 197]
265
[84, 205, 37, 76, 92, 29, 68, 197, 197, 205]
266
-675.6300000000047
[205, 37, 76, 92, 29, 68, 197, 197, 205, 189]
267
[37, 76, 92, 29, 68, 197, 197, 205, 189, 76]
268
[76, 92, 29, 68, 197, 197, 205, 189, 76, 84]
269
-342.4599999999773
[92, 29, 68, 197, 197, 205, 189, 76, 84, 197]
270
[29, 68, 197, 197, 205, 189, 76, 84, 197, 76]
271
-76.35000000000582
[68, 197, 197, 205, 189, 76, 84, 197, 76, 197]
272
-252.27000000000407
[197, 197, 205, 189, 76, 84, 197, 76, 197, 37]
273
-931.7900000000227
[197, 205, 189, 76, 84, 197, 76, 197, 37, 37]
274
-69.54999999995925
[205, 189, 76, 84, 197, 76, 197, 37, 37, 197]
275
[189, 76, 84, 197, 76, 197, 37, 37, 197, 69]
276
-116.47000000001572
[76, 84, 197, 76, 197, 37, 37, 197, 69, 76]
277
-86.74000000000524
[84, 197, 76, 197, 37, 37, 197, 69, 76, 69]
278
[197, 76, 197, 37, 37, 197, 69, 76, 69, 204]
279
[76, 197, 37, 37, 197, 69, 76, 69, 204, 76]
280
-146.44000000001688
[197, 37, 37, 197, 69, 76, 69, 204, 76, 69]
281
[37, 37, 197, 69, 76, 69, 204, 76, 69, 76]
282
-665.7999999999884
[37, 197, 69, 76, 69, 204, 76, 69, 76, 69]
283
[197, 69, 76, 69, 204, 76, 69, 76, 69, 28]
284
[69, 76, 69, 204, 76, 69, 76, 69, 28, 188]
285
-279.32000000002154
[76, 69, 204, 76, 69, 76, 69, 28, 188, 28]
286
[69, 204, 76, 69, 76, 69, 28, 188, 28, 69]
287
[204, 76, 69, 76, 69, 28, 188, 28, 69, 28]
288
[76, 69, 76, 69, 28, 188, 28, 69, 28, 36]
289
-664.6399999999849
[69, 76, 69, 28, 188, 28, 69, 28, 36, 93]
290
-1087.87000000001
[76, 69, 28, 188, 28, 69, 28, 36, 93, 93]
291
[69, 28, 188, 28, 69, 28, 36, 93, 93, 85]
292
-1378.0700000000215
[28, 188, 28, 69, 28, 36, 93, 93, 85, 76]
293
[188, 28, 69, 28, 36, 93, 93, 85, 76, 204]
294
[28, 69, 28, 36, 93, 93, 85, 76, 204, 36]
295
-590.9199999999837
[69, 28, 36, 93, 93, 85, 76, 204, 36, 197]
296
[28, 36, 93, 93, 85, 76, 204, 36, 197, 189]
297
[36, 93, 93, 85, 76, 204, 36, 197, 189, 68]
298
[93, 93, 85, 76, 204, 36, 197, 189, 68, 28]
299
-1026.3699999999808
[93, 85, 76, 204, 36, 197, 189, 68, 28, 85]
300
[-38088.12999999999, -27607.23999999999, -18807.540000000008, -17696.920000000027, -16930.89000000003, -16852.530000000013, -16450.920000000013, -16424.320000000007, -15350.62000000001, -14530.420000000013, -14230.809999999998, -13668.920000000027, -12813.63000000002, -12649.160000000003, -11161.919999999984, -11665.150000000009, -10781.85000000002, -10064.039999999994, -10041.789999999994, -9334.209999999977, -8906.61, -8489.75999999998, -7963.8399999999965, -8017.630000000005, -8483.969999999987, -8053.279999999999, -8631.610000000015, -7893.290000000008, -7909.970000000001, -7309.7300000000105, -7191.940000000017, -6333.4100000000035, -7118.570000000007, -6390.360000000015, -5818.810000000012, -5631.250000000015, -4378.630000000019, -4736.439999999988, -4167.810000000012, -3731.860000000015, -3005.6399999999994, -2860.709999999992, -2343.070000000007, -1900.770000000004, -1980.6900000000023, -1271.4000000000087, -753.2799999999988, -612.8999999999942, 277.52999999999884, 72.54000000000815, -191.1599999999744, 781.1600000000035, 1193.160000000018, 1412.8099999999977, 1711.6899999999878, 2342.439999999988, 2186.350000000006, 2396.660000000018, 2856.659999999989, 2565.999999999971, 3297.710000000021, 3084.710000000021, 2225.319999999978, 2816.0599999999977, 2899.6800000000076, 2705.190000000017, 2858.399999999994, 2912.360000000015, 2832.0400000000227, 2672.4999999999854, 3018.549999999974, 2829.2300000000105, 2705.2399999999907, 3531.3300000000017, 3243.860000000015, 3024.4200000000274, 3233.3200000000215, 3376.5800000000163, 4348.120000000024, 3425.1699999999983, 3269.1300000000047, 2883.220000000001, 3289.4700000000157, 3121.040000000008, 2813.6600000000035, 2858.9100000000035, 3277.2000000000116, 2852.8199999999924, 2624.1700000000274, 2474.449999999968, 3068.2900000000227, 3719.470000000001, 3032.4199999999983, 2851.649999999994, 2885.3000000000175, 3326.100000000006, 3268.1800000000076, 2621.7499999999854, 2484.5, 2919.8099999999977, 2777.4800000000105, 2779.570000000007, 3229.4600000000064, 2914.9699999999866, 3218.539999999979, 3407.160000000018, 3127.1699999999983, 3376.3800000000047, 3506.1300000000047, 2889.090000000011, 2682.5699999999924, 2721.670000000013, 3143.9100000000035, 3046.0400000000227, 3336.0400000000227, 3565.679999999993, 3186.62999999999, 2568.149999999994, 2514.649999999994, 1881.8399999999965, 1786.320000000007, 1466.8499999999767, 1617.8900000000285, 1426.5300000000134, 1372.25, 1670.75, 306.58999999998196, 1036.6300000000047, 856.160000000018, 505.8999999999942, 359.0600000000122, 801.960000000021, 1005.4000000000233, 421.1499999999796, 302.3700000000099, 252.8399999999965, 837.3699999999953, 1532.8699999999953, 1077.1600000000035, 1139.8999999999942, 972.6199999999953, 1485.359999999986, 960.6300000000047, 966.8000000000029, 1963.1599999999744, 1740.729999999996, 2190.619999999981, 2131.930000000022, 2982.1199999999953, 2525.5599999999977, 3124.7199999999866, 3269.0699999999924, 3102.219999999972, 2668.7300000000105, 2669.12000000001, 3110.449999999997, 2757.99000000002, 2816.7500000000146, 3240.300000000032, 3243.870000000039, 2632.709999999992, 3137.8599999999715, 2758.1499999999796, 2548.8199999999924, 2976.350000000006, 3490.9699999999866, 2847.0699999999924, 3489.24000000002, 3732.5000000000146, 2325.75, 2734.12000000001, 2911.050000000003, 2708.089999999982, 1753.6900000000169, 1950.1300000000192, 1452.8100000000268, 1050.2499999999854, 1642.7300000000105, 1074.6100000000006, 1102.3500000000058, 1161.4500000000116, 640.2200000000157, 1129.1900000000169, 1803.4999999999854, 2377.5000000000146, 2021.359999999986, 1643.660000000018, 2256.7599999999948, 1783.2500000000146, 1854.1800000000076, 1541.6900000000023, 2039.6800000000076, 2573.0399999999936, 2176.220000000001, 2121.5699999999924, 1622.3199999999779, 2003.1800000000076, 1621.8899999999994, 1966.840000000011, 1298.359999999986, 1449.1900000000314, 675.1500000000378, 703.6200000000099, 678.1399999999994, 152.34000000001106, 544.2499999999854, 164.35000000000582, -373.4899999999907, -1095.1900000000023, -818.1000000000349, -779.5100000000093, -948.3300000000017, -1830.7599999999948, -1486.0900000000256, -1628.3099999999831, -1528.480000000025, -1160.3399999999965, -935.2299999999959, -1195.3399999999529, -1207.0999999999767, -850.7500000000146, -207.5899999999965, 3.60999999998603, -165.8399999999965, -412.6600000000035, -412.0099999999802, 38.420000000012806, 498.0, 422.8500000000058, -59.23000000001048, 347.38000000000466, -22.039999999993597, -1013.0599999999686, -645.0299999999843, -431.3799999999901, -282.9699999999866, -299.7999999999738, -755.1199999999953, -536.3999999999942, 157.09000000001106, -67.89000000001397, 654.5899999999965, 228.31000000001222, 420.7399999999907, 1405.2000000000116, 1432.5099999999802, 976.0399999999936, 1494.0699999999779, 793.3199999999779, 407.32000000002154, 425.3999999999942, 736.1000000000058, 529.8999999999942, 612.2100000000064, 113.56000000002678, 416.40000000000873, 401.67999999997846, 982.8600000000151, 660.5299999999843, 187.4499999999971, 852.1499999999942, 935.1399999999994, 397.33000000000175, 675.429999999993, 888.6899999999878, 1620.0399999999936, 944.4099999999889, 1236.8100000000122, 1384.8100000000268, 1042.3500000000495, 1888.9500000000116, 1812.6000000000058, 1560.3300000000017, 628.539999999979, 558.9900000000198, 1727.5200000000186, 1611.050000000003, 1524.3099999999977, 1821.3699999999953, 1859.140000000014, 1712.699999999997, 2525.2399999999907, 1859.4400000000023, 2554.159999999989, 2803.850000000006, 2524.5299999999843, 2947.6500000000087, 3348.170000000013, 3415.829999999987, 2751.1900000000023, 1663.3199999999924, 2135.960000000021, 757.8899999999994, 1767.270000000004, 2398.9000000000087, 1807.980000000025, 2044.949999999997, 2518.2899999999936, 2532.550000000003, 1506.1800000000221]
